#ip 1          // A I B C D E
                  0 1 2 3 4 5

00 addi 1 16 1    // I = I + 16
01 seti 1 5 3     // C = 1
02 seti 1 7 5     // E = 1



03 mulr 3 5 4*    // D = B*E 
04 eqrr 4 2 4*    // D = D == B ? 1 : 0
05 addr 4 1 1*    // I = D + I
06 addi 1 1 1*    // I = I + 1
07 addr 3 0 0     // A = C + A
08 addi 5 1 5*    // E = E + 1
09 gtrr 5 2 4*    // D = E > B ? 1 : 0
10 addr 1 4 1*    // I = I + D
11 seti 2 1 1*    // I = 2



12 addi 3 1 3     // C = C + 1
13 gtrr 3 2 4     // D = C + B
14 addr 4 1 1     // I = D + I
15 seti 1 3 1     // I = 1
16 mulr 1 1 1     // I = I*I

17 addi 2 2 2     // B = B + 2
18 mulr 2 2 2     // B = B*B
19 mulr 1 2 2     // B = I*B
20 muli 2 11 2    // B = B*11
21 addi 4 7 4     // D = D + 7
22 mulr 4 1 4     // D = D*I
23 addi 4 13 4    // D = D + 13
24 addr 2 4 2     // B = B + D
25 addr 1 0 1     // I = I + A
26 seti 0 9 1     // I = 0
27 setr 1 0 4     // D = I + A
28 mulr 4 1 4     // D = D*I
29 addr 1 4 4     // D = I + D
30 mulr 1 4 4     // D = I * D
31 muli 4 14 4    // D = D * 14
32 mulr 4 1 4     // D = D * I
33 addr 2 4 2     // B = B + D
34 seti 0 2 0     // A = 0
35 seti 0 0 1     // I = 0


# immediate jump to 17 by setting ip to A(=1) + 16
ip = 0 [1,0,0,0,0,0] (addi, 1, 16, 1) [1,16,0,0,0,0] [17] 


ip = 17 [1,17,0,0,0,0]               (addi, 2, 2, 2) [1,17,2,0,0,0] [18]				// B = B(0) + 2 = 2
ip = 18 [1,18,2,0,0,0]               (mulr, 2, 2, 2) [1,18,4,0,0,0] [19]				// B = B(2) * B(2) = 4
ip = 19 [1,19,4,0,0,0]               (mulr, 1, 2, 2) [1,19,76,0,0,0] [20]				// B = I(18) * B(4) = 76
ip = 20 [1,20,76,0,0,0]              (muli, 2, 11, 2) [1,20,836,0,0,0] [21]			// B = B * 11  = 836
ip = 21 [1,21,836,0,0,0]             (addi, 4, 7, 4) [1,21,836,0,7,0] [22]			// D = D(0) + 7 = 7
ip = 22 [1,22,836,0,7,0]             (mulr, 4, 1, 4) [1,22,836,0,154,0] [23]		// D = D(7) * I(22) = 154
ip = 23 [1,23,836,0,154,0]           (addi, 4, 13, 4) [1,23,836,0,167,0] [24]		// D = D + 13
ip = 24 [1,24,836,0,167,0]           (addr, 2, 4, 2) [1,24,1003,0,167,0] [25]		// 
ip = 25 [1,25,1003,0,167,0]          (addr, 1, 0, 1) [1,26,1003,0,167,0] [27]
ip = 27 [1,27,1003,0,167,0]          (setr, 1, 0, 4) [1,27,1003,0,27,0] [28]
ip = 28 [1,28,1003,0,27,0]           (mulr, 4, 1, 4) [1,28,1003,0,756,0] [29]
ip = 29 [1,29,1003,0,756,0]          (addr, 1, 4, 4) [1,29,1003,0,785,0] [30]
ip = 30 [1,30,1003,0,785,0]          (mulr, 1, 4, 4) [1,30,1003,0,23550,0] [31]
ip = 31 [1,31,1003,0,23550,0]        (muli, 4, 14, 4) [1,31,1003,0,329700,0] [32]
ip = 32 [1,32,1003,0,329700,0]       (mulr, 4, 1, 4) [1,32,1003,0,10550400,0] [33]
ip = 33 [1,33,1003,0,10550400,0]     (addr, 2, 4, 2) [1,33,10551403,0,10550400,0] [34]
ip = 34 [1,34,10551403,0,10550400,0] (seti, 0, 2, 0) [0,34,10551403,0,10550400,0] [35]
ip = 35 [0,35,10551403,0,10550400,0] (seti, 0, 0, 1) [0,0,10551403,0,10550400,0] [1] // I = 0

ip = 1 [0,1,10551403,0,10550400,0]   (seti, 1, 5, 3) [0,1,10551403,1,10550400,0] [2]   // C = 1
ip = 2 [0,2,10551403,1,10550400,0]   (seti, 1, 7, 5) [0,2,10551403,1,10550400,1] [3]   // E = 1

ip = 3 [0,3,10551403,1,10550400,1] (mulr, 3, 5, 4) [0,3,10551403,1,1,1] [4]         // D = C*E 
ip = 4 [0,4,10551403,1,1,1] (eqrr, 4, 2, 4) [0,4,10551403,1,0,1] [5]				// D = D == B ? 1 : 0 
ip = 5 [0,5,10551403,1,0,1] (addr, 4, 1, 1) [0,5,10551403,1,0,1] [6]				// I = I + D
ip = 6 [0,6,10551403,1,0,1] (addi, 1, 1, 1) [0,7,10551403,1,0,1] [8]				// I = I + 1
ip = 8 [0,8,10551403,1,0,1] (seti, 10551403, 1, 5) [0,8,10551403,1,0,2] [9]				// E = E + 1
ip = 9 [0,9,10551403,1,0,2] (gtrr, 5, 2, 4) [0,9,10551403,1,0,2] [10]				// D = E > B ? 1 : 0
ip = 10 [0,10,10551403,1,0,2] (addr, 1, 4, 1) [0,10,10551403,1,0,2] [11]			// I = I + D
ip = 11 [0,11,10551403,1,0,2] (seti, 2, 1, 1) [0,2,10551403,1,0,2] [3]				// I = 2


ip = 3 [0,3,10551403,1,0,2] (mulr, 3, 5, 4) [0,3,10551403,1,2,2] [4]
ip = 4 [0,4,10551403,1,2,2] (eqrr, 4, 2, 4) [0,4,10551403,1,0,2] [5]
ip = 5 [0,5,10551403,1,0,2] (addr, 4, 1, 1) [0,5,10551403,1,0,2] [6]
ip = 6 [0,6,10551403,1,0,2] (addi, 1, 1, 1) [0,7,10551403,1,0,2] [8]
ip = 8 [0,8,10551403,1,0,2] (addi, 5, 1, 5) [0,8,10551403,1,0,3] [9]
ip = 9 [0,9,10551403,1,0,3] (gtrr, 5, 2, 4) [0,9,10551403,1,0,3] [10]
ip = 10 [0,10,10551403,1,0,3] (addr, 1, 4, 1) [0,10,10551403,1,0,3] [11]
ip = 11 [0,11,10551403,1,0,3] (seti, 2, 1, 1) [0,2,10551403,1,0,3] [3]

ip = 3 [0,3,10551403,1,0,3] (mulr, 3, 5, 4) [0,3,10551403,1,3,3] [4]
ip = 4 [0,4,10551403,1,3,3] (eqrr, 4, 2, 4) [0,4,10551403,1,0,3] [5]
ip = 5 [0,5,10551403,1,0,3] (addr, 4, 1, 1) [0,5,10551403,1,0,3] [6]
ip = 6 [0,6,10551403,1,0,3] (addi, 1, 1, 1) [0,7,10551403,1,0,3] [8]
ip = 8 [0,8,10551403,1,0,3] (addi, 5, 1, 5) [0,8,10551403,1,0,4] [9]
ip = 9 [0,9,10551403,1,0,4] (gtrr, 5, 2, 4) [0,9,10551403,1,0,4] [10]
ip = 10 [0,10,10551403,1,0,4] (addr, 1, 4, 1) [0,10,10551403,1,0,4] [11]
ip = 11 [0,11,10551403,1,0,4] (seti, 2, 1, 1) [0,2,10551403,1,0,4] [3]

ip = 3 [0,3,10551403,1,0,4] (mulr, 3, 5, 4) [0,3,10551403,1,4,4] [4]
ip = 4 [0,4,10551403,1,4,4] (eqrr, 4, 2, 4) [0,4,10551403,1,0,4] [5]
ip = 5 [0,5,10551403,1,0,4] (addr, 4, 1, 1) [0,5,10551403,1,0,4] [6]
ip = 6 [0,6,10551403,1,0,4] (addi, 1, 1, 1) [0,7,10551403,1,0,4] [8]
ip = 8 [0,8,10551403,1,0,4] (addi, 5, 1, 5) [0,8,10551403,1,0,5] [9]
ip = 9 [0,9,10551403,1,0,5] (gtrr, 5, 2, 4) [0,9,10551403,1,0,5] [10]
ip = 10 [0,10,10551403,1,0,5] (addr, 1, 4, 1) [0,10,10551403,1,0,5] [11]
ip = 11 [0,11,10551403,1,0,5] (seti, 2, 1, 1) [0,2,10551403,1,0,5] [3]

ip = 3 [0,3,10551403,1,0,5] (mulr, 3, 5, 4) [0,3,10551403,1,5,5] [4]
ip = 4 [0,4,10551403,1,5,5] (eqrr, 4, 2, 4) [0,4,10551403,1,0,5] [5]
ip = 5 [0,5,10551403,1,0,5] (addr, 4, 1, 1) [0,5,10551403,1,0,5] [6]
ip = 6 [0,6,10551403,1,0,5] (addi, 1, 1, 1) [0,7,10551403,1,0,5] [8]
ip = 8 [0,8,10551403,1,0,5] (addi, 5, 1, 5) [0,8,10551403,1,0,6] [9]
ip = 9 [0,9,10551403,1,0,6] (gtrr, 5, 2, 4) [0,9,10551403,1,0,6] [10]
ip = 10 [0,10,10551403,1,0,6] (addr, 1, 4, 1) [0,10,10551403,1,0,6] [11]
ip = 11 [0,11,10551403,1,0,6] (seti, 2, 1, 1) [0,2,10551403,1,0,6] [3]

ip = 3 [0,3,10551403,1,0,6] (mulr, 3, 5, 4) [0,3,10551403,1,6,6] [4]
ip = 4 [0,4,10551403,1,6,6] (eqrr, 4, 2, 4) [0,4,10551403,1,0,6] [5]
ip = 5 [0,5,10551403,1,0,6] (addr, 4, 1, 1) [0,5,10551403,1,0,6] [6]
ip = 6 [0,6,10551403,1,0,6] (addi, 1, 1, 1) [0,7,10551403,1,0,6] [8]
ip = 8 [0,8,10551403,1,0,6] (addi, 5, 1, 5) [0,8,10551403,1,0,7] [9]
ip = 9 [0,9,10551403,1,0,7] (gtrr, 5, 2, 4) [0,9,10551403,1,0,7] [10]
ip = 10 [0,10,10551403,1,0,7] (addr, 1, 4, 1) [0,10,10551403,1,0,7] [11]
ip = 11 [0,11,10551403,1,0,7] (seti, 2, 1, 1) [0,2,10551403,1,0,7] [3]

ip = 3 [0,3,10551403,1,0,7] (mulr, 3, 5, 4) [0,3,10551403,1,7,7] [4]
ip = 4 [0,4,10551403,1,7,7] (eqrr, 4, 2, 4) [0,4,10551403,1,0,7] [5]
ip = 5 [0,5,10551403,1,0,7] (addr, 4, 1, 1) [0,5,10551403,1,0,7] [6]
ip = 6 [0,6,10551403,1,0,7] (addi, 1, 1, 1) [0,7,10551403,1,0,7] [8]
ip = 8 [0,8,10551403,1,0,7] (addi, 5, 1, 5) [0,8,10551403,1,0,8] [9]
ip = 9 [0,9,10551403,1,0,8] (gtrr, 5, 2, 4) [0,9,10551403,1,0,8] [10]
ip = 10 [0,10,10551403,1,0,8] (addr, 1, 4, 1) [0,10,10551403,1,0,8] [11]
ip = 11 [0,11,10551403,1,0,8] (seti, 2, 1, 1) [0,2,10551403,1,0,8] [3]
ip = 3 [0,3,10551403,1,0,8] (mulr, 3, 5, 4) [0,3,10551403,1,8,8] [4]
ip = 4 [0,4,10551403,1,8,8] (eqrr, 4, 2, 4) [0,4,10551403,1,0,8] [5]
ip = 5 [0,5,10551403,1,0,8] (addr, 4, 1, 1) [0,5,10551403,1,0,8] [6]
ip = 6 [0,6,10551403,1,0,8] (addi, 1, 1, 1) [0,7,10551403,1,0,8] [8]
ip = 8 [0,8,10551403,1,0,8] (addi, 5, 1, 5) [0,8,10551403,1,0,9] [9]


ip = 0 [1,0,0,0,0,0] (addi, 1, 16, 1) [1,16,0,0,0,0] [17]
ip = 17 [1,17,0,0,0,0] (addi, 2, 2, 2) [1,17,2,0,0,0] [18]
ip = 18 [1,18,2,0,0,0] (mulr, 2, 2, 2) [1,18,4,0,0,0] [19]
ip = 19 [1,19,4,0,0,0] (mulr, 1, 2, 2) [1,19,76,0,0,0] [20]
ip = 20 [1,20,76,0,0,0] (muli, 2, 11, 2) [1,20,836,0,0,0] [21]
ip = 21 [1,21,836,0,0,0] (addi, 4, 7, 4) [1,21,836,0,7,0] [22]
ip = 22 [1,22,836,0,7,0] (mulr, 4, 1, 4) [1,22,836,0,154,0] [23]
ip = 23 [1,23,836,0,154,0] (addi, 4, 13, 4) [1,23,836,0,167,0] [24]
ip = 24 [1,24,836,0,167,0] (addr, 2, 4, 2) [1,24,1003,0,167,0] [25]
ip = 25 [1,25,1003,0,167,0] (addr, 1, 0, 1) [1,26,1003,0,167,0] [27]
ip = 27 [1,27,1003,0,167,0] (setr, 1, 0, 4) [1,27,1003,0,27,0] [28]
ip = 28 [1,28,1003,0,27,0] (mulr, 4, 1, 4) [1,28,1003,0,756,0] [29]
ip = 29 [1,29,1003,0,756,0] (addr, 1, 4, 4) [1,29,1003,0,785,0] [30]
ip = 30 [1,30,1003,0,785,0] (mulr, 1, 4, 4) [1,30,1003,0,23550,0] [31]
ip = 31 [1,31,1003,0,23550,0] (muli, 4, 14, 4) [1,31,1003,0,329700,0] [32]
ip = 32 [1,32,1003,0,329700,0] (mulr, 4, 1, 4) [1,32,1003,0,10550400,0] [33]
ip = 33 [1,33,1003,0,10550400,0] (addr, 2, 4, 2) [1,33,10551403,0,10550400,0] [34]
ip = 34 [1,34,10551403,0,10550400,0] (seti, 0, 2, 0) [0,34,10551403,0,10550400,0] [35]
ip = 35 [0,35,10551403,0,10550400,0] (seti, 0, 0, 1) [0,0,10551403,0,10550400,0] [1]
ip = 1 [0,1,10551403,0,10550400,0] (seti, 10551402, 5, 3) [0,1,10551403,10551402,10550400,0] [2]
ip = 2 [0,2,10551403,10551402,10550400,0] (seti, 10551402, 7, 5) [0,2,10551403,10551402,10550400,10551402] [3]
ip = 3 [0,3,10551403,10551402,10550400,10551402] (mulr, 3, 5, 4) [0,3,10551403,10551402,-2058081308,10551402] [4]
ip = 4 [0,4,10551403,10551402,-2058081308,10551402] (eqrr, 4, 2, 4) [0,4,10551403,10551402,0,10551402] [5]
ip = 5 [0,5,10551403,10551402,0,10551402] (addr, 4, 1, 1) [0,5,10551403,10551402,0,10551402] [6]
ip = 6 [0,6,10551403,10551402,0,10551402] (addi, 1, 1, 1) [0,7,10551403,10551402,0,10551402] [8]
ip = 8 [0,8,10551403,10551402,0,10551402] (addi, 5, 1, 5) [0,8,10551403,10551402,0,10551403] [9]
ip = 9 [0,9,10551403,10551402,0,10551403] (gtrr, 5, 2, 4) [0,9,10551403,10551402,0,10551403] [10]
ip = 10 [0,10,10551403,10551402,0,10551403] (addr, 1, 4, 1) [0,10,10551403,10551402,0,10551403] [11]
ip = 11 [0,11,10551403,10551402,0,10551403] (seti, 2, 1, 1) [0,2,10551403,10551402,0,10551403] [3]
ip = 3 [0,3,10551403,10551402,0,10551403] (mulr, 3, 5, 4) [0,3,10551403,10551402,-2047529906,10551403] [4]
ip = 4 [0,4,10551403,10551402,-2047529906,10551403] (eqrr, 4, 2, 4) [0,4,10551403,10551402,0,10551403] [5]
ip = 5 [0,5,10551403,10551402,0,10551403] (addr, 4, 1, 1) [0,5,10551403,10551402,0,10551403] [6]
ip = 6 [0,6,10551403,10551402,0,10551403] (addi, 1, 1, 1) [0,7,10551403,10551402,0,10551403] [8]
ip = 8 [0,8,10551403,10551402,0,10551403] (addi, 5, 1, 5) [0,8,10551403,10551402,0,10551404] [9]
ip = 9 [0,9,10551403,10551402,0,10551404] (gtrr, 5, 2, 4) [0,9,10551403,10551402,1,10551404] [10]
ip = 10 [0,10,10551403,10551402,1,10551404] (addr, 1, 4, 1) [0,11,10551403,10551402,1,10551404] [12]
ip = 12 [0,12,10551403,10551402,1,10551404] (addi, 3, 1, 3) [0,12,10551403,10551403,1,10551404] [13]
ip = 13 [0,13,10551403,10551403,1,10551404] (gtrr, 3, 2, 4) [0,13,10551403,10551403,0,10551404] [14]
ip = 14 [0,14,10551403,10551403,0,10551404] (addr, 4, 1, 1) [0,14,10551403,10551403,0,10551404] [15]
ip = 15 [0,15,10551403,10551403,0,10551404] (seti, 1, 3, 1) [0,1,10551403,10551403,0,10551404] [2]
ip = 2 [0,2,10551403,10551403,0,10551404] (seti, 10551402, 7, 5) [0,2,10551403,10551403,0,10551402] [3]
ip = 3 [0,3,10551403,10551403,0,10551402] (mulr, 3, 5, 4) [0,3,10551403,10551403,-2047529906,10551402] [4]
ip = 4 [0,4,10551403,10551403,-2047529906,10551402] (eqrr, 4, 2, 4) [0,4,10551403,10551403,0,10551402] [5]
ip = 5 [0,5,10551403,10551403,0,10551402] (addr, 4, 1, 1) [0,5,10551403,10551403,0,10551402] [6]
ip = 6 [0,6,10551403,10551403,0,10551402] (addi, 1, 1, 1) [0,7,10551403,10551403,0,10551402] [8]
ip = 8 [0,8,10551403,10551403,0,10551402] (addi, 5, 1, 5) [0,8,10551403,10551403,0,10551403] [9]
ip = 9 [0,9,10551403,10551403,0,10551403] (gtrr, 5, 2, 4) [0,9,10551403,10551403,0,10551403] [10]
ip = 10 [0,10,10551403,10551403,0,10551403] (addr, 1, 4, 1) [0,10,10551403,10551403,0,10551403] [11]
ip = 11 [0,11,10551403,10551403,0,10551403] (seti, 2, 1, 1) [0,2,10551403,10551403,0,10551403] [3]
ip = 3 [0,3,10551403,10551403,0,10551403] (mulr, 3, 5, 4) [0,3,10551403,10551403,-2036978503,10551403] [4]
ip = 4 [0,4,10551403,10551403,-2036978503,10551403] (eqrr, 4, 2, 4) [0,4,10551403,10551403,0,10551403] [5]
ip = 5 [0,5,10551403,10551403,0,10551403] (addr, 4, 1, 1) [0,5,10551403,10551403,0,10551403] [6]
ip = 6 [0,6,10551403,10551403,0,10551403] (addi, 1, 1, 1) [0,7,10551403,10551403,0,10551403] [8]
ip = 8 [0,8,10551403,10551403,0,10551403] (addi, 5, 1, 5) [0,8,10551403,10551403,0,10551404] [9]
ip = 9 [0,9,10551403,10551403,0,10551404] (gtrr, 5, 2, 4) [0,9,10551403,10551403,1,10551404] [10]
ip = 10 [0,10,10551403,10551403,1,10551404] (addr, 1, 4, 1) [0,11,10551403,10551403,1,10551404] [12]
ip = 12 [0,12,10551403,10551403,1,10551404] (addi, 3, 1, 3) [0,12,10551403,10551404,1,10551404] [13]
ip = 13 [0,13,10551403,10551404,1,10551404] (gtrr, 3, 2, 4) [0,13,10551403,10551404,1,10551404] [14]
ip = 14 [0,14,10551403,10551404,1,10551404] (addr, 4, 1, 1) [0,15,10551403,10551404,1,10551404] [16]
ip = 16 [0,16,10551403,10551404,1,10551404] (mulr, 1, 1, 1) [0,256,10551403,10551404,1,10551404] [257]